-7307
3156
-4011
-841
2621
-1144
6995
2438
-457
2294
-6314
-2931
545
-390
-1213
-3164
7581
-6432
-5739
-4420
274
8057
-5039
-4735
7138
5717
-2426
-6835
6912
-6041
-801
7679
7526
-6386
-4048
1887
-6187
-213
1358
-4353
-1874
-8094
7435
1392
253
311
5895
-1394
2388
1827
3009
1723
6410
-678
2174
3267
-7044
-8127
-7906
-5973
6358
-5472
-4290
4925
-5958
1804
-1826
1473
-1749
-5719
-3181
2206
7371
-2168
-7434
7895
-3686
-4342
-295
-3927
-771
3938
1790
4146
-3522
3112
1900
-1009
4804
2669
1396
-6778
-3543
-2998
-7232
-6914
986
6850
-2173
-1886
4912
-2853
-3755
7871
-3698
-3635
-6805
707
-2078
5454
2108
7186
-7277
-2273
6141
3151
2996
-5654
3044
6862
-7105
-2128
-1865
5264
-5333
4034
-5603
6089
6593
4115
770
-5211
-4662
281
-1774
-6287
-5449
-7525
-1239
3419
7960
-2443
546
-3813
1467
-3918
7301
4473
-1932
2021
6404
2446
711
2520
-7744
-2749
-458
2885
1572
5175
8134
-49
-6464
1200
-6115
-7248
-1871
-788
-2165
-1528
4401
954
4276
-4949
-8167
6966
6323
7779
-7928
-3384
8009
-4392
4615
-5438
-3705
3612
4440
-7862
-5446
-1740
5865
-7707
-2131
-3283
6098
-7796
-86
6327
-1504
-5124
589
1261
-5387
5138
-1219
5665
129
4519
-1604
7372
900
-1327
-1246
7306
-1380
-7634
4436
543
4438
-660
3689
941
3362
-5025
3455
7964
-7642
-5375
-1122
-4377
6225
-4234
3769
-4912
5074
-5941
945
-2177
-6594
-4172
5346
6946
6951
3728
-1908
-2687
5194
1635
3338
7528
8108
6037
4259
2537
-5421
-4237
7210
5340
6440
525
4146
3282
-1183
5961
4494
2871
275
486
7730
-6064
-4032
786
-4310
-8060
-5915
-4846
2360
-3845
-3594
3358
-929
2108
-3307
1107
-2241
-500
3506
-2177
-7159
-1969
6120
4739
2587
3562
-296
-7822
5073
-6860
7209
7117
-2734
6038
7504
-5637
-5257
-7109
4916
3305
398
7614
577
4086
-3532
1752
-1214
1391
-4347
3070
-6965
-2883
5856
5177
333
3900
-6176
-2979
6666
-4193
4126
3539
-1925
7138
5687
6916
7060
-7695
5265
-5280
5880
-4034
6351
6
-6275
-1820
2964
-5132
-441
-7231
5856
4264
-104
-2473
-134
5280
3761
6240
6566
1594
5549
5715
2795
5886
3804
8028
-7610
-737
7095
-4500
-6608
2292
6934
559
2960
4352
470
626
4714
-2704
6347
-3236
-4019
4989
7285
-4183
-3370
558
-3555
5333
1494
3540
3036
-6383
-3876
3294
4349
3732
-4979
-5482
-1859
297
-7632
2619
7428
-6827
-1805
3662
-7997
2703
3010
4436
4506
-29
510
7134
1713
473
5270
-7016
838
5274
-2668
3895
4112
-5535
-4489
7464
1829
-1262
3287
-1271
446
-392
6305
3829
-3913
-1762
-7407
-526
691
3802
-1993
6466
-7310
-8089
-2756
-5453
-4491
-7349
-3900
-4324
-2870
-3389
-7222
-4031
-811
-2861
2378
-7949
-7312
4184
-440
-6243
840
6944
5508
23
-3619
5227
8132
2011
-2195
-147
4999
-6694
-3264
5355
1964
-2499
-734
6793
-3901
-7506
-4705
-7044
-3373
-695
-6587
-7920
-3178
3574
6931
-3682
187
4134
2092
-4177
-4423
1452
-6637
-6025
6473
7354
3317
-249
5378
7515
-4728
-7157
-2249
5774
291
-336
2117
7460
7231
-6718
-7390
-2086
5105
-5901
6857
-6208
-4166
3474
1505
-1326
3845
724
-6434
1656
1840
3927
7246
-3762
-3794
7854
-8028
-8013
-7128
-3250
2928
7591
5519
6532
2214
7477
-6065
-4391
7356
-1791
6755
1999
-2313
-7671
2061
-4898
4963
180
124
-4048
2755
5362
2026
6932
6227
-415
7931
-2745
-7062
-3625
-7680
-4438
-1736
-7836
1196
-2502
7277
-1491
-3613
-4111
7025
-4920
-4523
-5175
7521
-5370
-3953
-4669
4518
-2879
2165
-7219
1244
-8132
-7521
-989
-3233
-2382
-2469
5841
2498
-410
2109
-1577
7344
-999
-1798
-3981
6837
7532
7244
546
-5489
-6748
-3176
-7638
2964
-4212
444
3352
-731
2982
330
-5913
6339
-1867
6491
5771
1291
3157
326
-1225
-6438
463
-7622
-6573
4698
-4597
-733
-6796
-6988
-5438
-6638
-1320
-831
7263
4238
7186
-4064
-1670
-6617
-5040
2171
-4251
-2859
8128
-2400
-5847
-2603
-4950
5736
-5264
3226
7090
7086
1310
-8057
6944
4015
7781
2845
1868
-5509
1294
5469
1288
-2460
7352
5681
6949
-193
-8079
5237
2858
1196
1019
7132
-1788
2553
2592
-6372
5812
6190
1046
-7371
-3278
-6538
8058
-1158
2621
-2326
-2048
6833
5115
4891
-5169
5533
-1684
242
-4993
6114
-7606
-1006
-1362
-5889
-3945
6939
-4993
3961
4959
-5424
-3302
-2180
-5864
2652
-4922
-306
3325
7722
-7588
-3300
-3772
716
3133
-2799
7811
1397
-5081
6686
1570
1652
449
2416
-6297
-3127
6501
1899
6882
1176
-2204
6111
1261
-1153
-6337
-6787
-4061
5222
3834
-5453
-6393
1591
-7522
45
5172
-4373
-7711
4759
-5015
4156
-7816
-8
5502
6195
7054
-5318
-150
-8112
-4453
-5567
-2538
-4013
5317
-5034
-8040
6588
-5999
-6072
4667
7729
3599
-257
3998
7619
7234
4060
4419
-1116
-6685
6810
-3701
4431
887
6317
-1263
5906
-4563
3915
-3563
-2298
-6426
-2626
-2828
-252
6960
5558
7435
7810
5585
-285
4065
5319
-501
1884
1997
7986
7586
-1761
-7976
3182
6230
-7247
5158
3642
2272
8086
-3261
6668
156
1398
-1628
-2255
-851
636
-3327
1968
-1849
6749
-3392
174
3238
-4077
-4027
-1722
-4968
-1470
4637
-3779
-8079
6828
5456
-6332
479
-6982
7811
-5556
5144
-6507
-7343
3093
-7427
-8156
-7945
7112
6738
1078
-1642
-7700
-4508
-215
-1752
4147
5714
-6232
6455
3340
2427
383
388
1317
-1176
6892
-1824
2230
-475
-2920
-1487
1111
1621
1884
-1007
6366
-5861
-363
784
-4474
-6960
-7452
-2510
-1719
-3451
2870
7394
2385
2522
-4851
-7200
2076
7111
5091
-5482
1933
-2803
1453
4667
-915
3923
-2246
-7949
-2456
3763
-3611
-2877
-7672
7224
-4326
-4625
-4094
-3825
-199
4830
-4247
1016
904
1866
-3357
-699
-4964
-1730
1255
-8184
2196
1386
-8115
7507
4271
3190
1154
7585
4868
-3960
5616
2012
3912
-3538
-5064
-1330
4470
-3895
-4208
-87
-7163
-7539
-2659
898
7276
-6110
-35
-7365
-5769
-2724
-7333
1961
-6764
1902
5398
-6836
5895
-7591
-2298
5574
-1261
2060
700
2930
4132
-619
7913
6878
-2933
3520
5497
7910
-4639
4670
-3261
-5728
-5545
-185
4161
-946
4241
1119
4703
-5391
646
-5126
1148
3079
-1126
-3285
7049
2720
-6835
-6602
