542
1705
-542
-2299
-206
2983
1423
-5404
-4972
5969
10432
-2550
-16848
-5096
25397
25676
-38221
-132042
-177012
-148645
-94889
-50626
23451
165981
294429
265783
71120
-127375
-196336
-174123
-143128
-88645
24694
98307
-13440
-258193
-375144
-214222
38793
109625
168
-40291
106686
239386
132554
-138971
-276145
-111899
203840
375135
253034
-51795
-286890
-286400
-109787
11986
-68511
-245666
-294712
-137167
78552
178524
159253
118925
107346
111912
128607
162582
192599
200775
210823
232932
188193
-26848
-366250
-603958
-554500
-280822
-34967
2496
-111073
-188677
-120255
25422
76998
-55390
-254951
-294305
-98194
141100
185309
34636
-95587
-83158
-44274
-118716
-238222
-219458
-20167
194116
246672
139448
13711
-7150
81622
195054
231443
147901
-18245
-195032
-341830
-439379
-440498
-283837
-20908
174190
170512
21238
-90846
-55693
59875
99397
-34811
-271746
-404355
-258809
98808
369226
307717
19579
-146682
-22380
191577
225264
98564
30604
73742
58355
-87747
-191837
-102598
52872
45030
-87964
-61183
229035
491149
385039
-25156
-332905
-295504
-101179
-92836
-339433
-561998
-469646
-85538
286614
364357
142605
-142216
-239588
-92774
143691
258411
199759
109080
139697
266823
311829
157009
-110162
-289655
-268960
-88402
135847
308558
380138
320614
125753
-144247
-358019
-396791
-291735
-193064
-188684
-171599
8401
259683
274123
-45786
-342210
-201918
262783
503528
246822
-140426
-180764
68868
169149
-29907
-206631
-103674
85897
38971
-203921
-325208
-199788
-38739
-52563
-176890
-212774
-111353
11197
54206
32385
-12621
-75499
-132087
-126200
-27498
98437
160124
155647
161796
202054
216164
163785
93583
73244
91004
65280
-24207
-99137
-61552
82737
224266
248554
147028
23845
1053
100696
190530
105942
-149585
-359905
-322835
-82174
117611
106993
-35204
-106533
-40912
19672
-81079
-301201
-401775
-190872
244116
568138
523172
193123
-82986
-76302
115709
269434
331681
416353
554875
577254
338660
-46613
-262365
-120474
237873
488066
448721
233790
92543
131087
242741
284908
243224
198724
182869
143337
45962
-64425
-143308
-224297
-348574
-453256
-425057
-270130
-131279
-102132
-102562
-24798
81528
63795
-78538
-150800
-41954
95393
40987
-184076
-311762
-150254
198577
445020
392040
106330
-166511
-230152
-96111
77733
182775
254339
337933
354543
171354
-167625
-400737
-315471
4294
280432
345782
269564
185054
107752
8660
-59994
-34038
21183
-31823
-196147
-273982
-103388
212795
386284
259200
-38501
-221286
-146683
61950
180369
135581
65163
135821
344465
520197
496361
263057
-21479
-158033
-66450
126826
203891
80603
-106170
-166298
-94900
-69610
-176867
-255659
-119547
142394
246888
93107
-90425
-44217
207724
430918
467559
374442
284176
269902
327240
405775
415130
302647
130792
18820
-8936
-36911
-115612
-150692
-25155
206997
350553
288048
121622
49556
127695
213559
153336
-14575
-98370
7536
186257
224392
54845
-179148
-255623
-78033
215318
366603
232147
-77596
-274349
-166323
130333
297791
155819
-153685
-351927
-321878
-172023
-40386
36082
66655
25114
-98726
-208700
-167303
40989
259265
321945
226521
118856
129760
235102
290050
191789
-2413
-124788
-65063
116649
235960
170514
-18134
-147725
-92673
97910
235097
187200
15389
-90987
-8275
189183
301028
194303
-75177
-315373
-358953
-188505
71217
240166
195020
-42214
-308614
-431885
-396239
-343603
-381761
-436212
-374537
-242106
-223603
-354036
-427067
-290295
-90629
-70029
-216641
-304036
-236788
-148435
-135295
-83965
103980
294417
283823
111824
34619
170294
340970
318910
109560
-90848
-142659
-75215
4052
28497
25377
60464
126551
98502
-127649
-432289
-543914
-379792
-189541
-239995
-444986
-471020
-187211
160530
268224
134051
4156
28964
96133
12748
-228487
-409917
-326597
-30462
228614
307271
305144
336081
322765
127579
-163900
-283231
-139092
54371
108919
125710
265977
402592
250130
-166127
-440003
-294471
50236
181226
2645
-216881
-222568
-31131
165927
209460
70884
-128957
-190702
-17486
235095
313722
178278
28420
-503
-42154
-264909
-550368
-576669
-239103
216199
482474
509506
433877
318539
123808
-100064
-166812
19518
290597
361945
132180
-204065
-356770
-224637
30798
156769
64728
-89762
-96421
83400
291769
376016
356071
345194
341782
210255
-93575
-385519
-470889
-387553
-331868
-354964
-305084
-91611
119075
128733
-17566
-109752
-79500
-60367
-136126
-202671
-149073
-59546
-91655
-210716
-226904
-72421
77338
22955
-204775
-389415
-404319
-327639
-289184
-273371
-163964
50963
208659
180393
54145
37996
163662
218603
47278
-170253
-105720
281087
616433
529711
66435
-382005
-516360
-383014
-212827
-136406
-95418
-2450
116992
159691
75468
-54453
-96109
14526
208856
350306
353987
247025
118877
16347
-89442
-234355
-366813
-376953
-238268
-71264
-47755
-206037
-407732
-506929
-483965
-386069
-209118
81415
383693
483718
283947
-59669
-300844
-357299
-302903
-200903
-51828
84164
83576
-72235
-236743
-267118
-190186
-98019
34185
259936
451387
374024
48295
-152848
58439
462168
571677
259457
-94728
-120538
83968
174402
97572
114637
335055
497092
336242
-10360
-170854
-26626
184295
238823
194006
191348
190594
73040
-76281
-20902
239491
361625
86176
-356198
-487045
-172327
211476
249100
-8793
-154944
24426
320431
409451
242590
37710
-30595
-5486
-2655
-48541
-100344
-138641
-182040
-237020
-257169
-178853
-3181
172167
203855
55364
-150052
-258731
-245574
-209622
-194344
-119193
69850
231325
164034
-113388
-337448
-294972
-48699
168630
220885
153011
75534
48507
92551
186653
231109
113952
-128440
-271450
-119434
216541
407814
296567
87790
64539
206776
203706
-107865
-478041
-512784
-155235
214968
206888
-143518
-436803
-378371
-86864
85394
-22700
-218407
-229528
-72051
-1053
-120887
-220653
-55241
299331
507858
360323
-18074
-344789
-463404
-414542
-309420
-210296
-128843
-79906
-83658
-153246
-249951
-264060
-93682
189654
370579
318951
180528
208228
427671
583731
455668
132145
-113541
-133370
-13877
99222
163047
207521
225598
186362
111507
42512
-23055
-121634
-248641
-336177
-317551
-179307
57056
339872
553806
584674
446684
296790
259835
260399
174525
62117
115884
341220
475624
309609
-13292
-177247
-86140
68449
123619
128793
191702
285805
303766
232560
153613
102198
37600
-49497
-110705
-119789
-89885
-37398
25044
71364
78037
69401
61640
6840
-146145
-305084
-297937
-127826
-10097
-87640
-194161
-95007
133215
178013
-49664
-251868
-159739
73500
107402
-95540
-259679
-246960
-248062
-417321
-549602
-329642
172272
487324
293824
-205602
-525583
-424540
-84381
162241
177525
89769
76072
168851
251924
215861
83773
-14833
16428
131509
200952
153219
30428
-83708
-132505
-93769
14681
126894
160387
95383
9290
-20966
-36180
-135480
-313841
-442041
-427817
-325152
-218922
-70560
186641
419657
365768
-6889
-356292
-314732
68084
381575
323044
6481
-214606
-142602
114957
297899
228980
-36436
-263223
-268403
-122899
-55583
-151280
-241281
-166578
-36908
-75921
-275029
-379022
-231436
10263
99468
24212
-30924
18230
50112
-47700
-198907
-248086
-179126
-115434
-131243
-161269
-112278
10355
144872
254052
330277
345153
273156
172803
146984
202762
214553
81282
-122407
-223498
-148839
-14664
11966
-122766
-342274
-489676
-436065
-183048
106089
197991
9016
-292463
-453699
-407602
-306798
-275127
-254757
-135294
45895
126709
29186
-140650
-205690
-104608
64836
157820
131035
74744
98730
218195
332872
345352
258870
178132
196829
292054
341844
231583
-25645
-275282
-360234
