-1.52965
0.661934
-0.840278
-0.174915
0.548753
-0.24008
1.46449
0.511026
-0.0960318
0.480159
-1.32387
-0.613918
0.11318
-0.082313
-0.253798
-0.661934
1.58795
-1.34787
-1.2004
-0.922591
0.058305
1.68742
-1.05292
-0.991185
1.49535
1.19697
-0.507597
-1.43019
1.44734
-1.26556
-0.168056
1.60853
1.57424
-1.33759
-0.847138
0.394416
-1.29643
-0.0445862
0.284666
-0.912302
-0.390987
-1.69428
1.55709
0.291525
0.0514456
0.0651644
1.23469
-0.291525
0.500737
0.384127
0.631066
0.360119
1.34102
-0.140618
0.456151
0.682512
-1.47477
-1.70113
-1.65655
-1.24841
1.33073
-1.14552
-0.898583
1.03234
-1.24841
0.377268
-0.380698
0.308674
-0.366979
-1.19697
-0.665363
0.46301
1.54337
-0.452721
-1.55709
1.65312
-0.771684
-0.908872
-0.0617347
-0.82313
-0.161196
0.82313
0.373838
0.867716
-0.737387
0.651644
0.397846
-0.209212
1.0049
0.559042
0.291525
-1.4199
-0.740817
-0.627636
-1.51593
-1.44734
0.205782
1.43705
-0.456151
-0.394416
1.02891
-0.596769
-0.785403
1.64626
-0.775114
-0.761395
-1.42333
0.147477
-0.435573
1.14209
0.442432
1.50564
-1.52279
-0.476729
1.28614
0.658504
0.627636
-1.18325
0.637926
1.43705
-1.48849
-0.445862
-0.390987
1.10094
-1.11465
0.843708
-1.17296
1.27585
1.37874
0.860857
0.161196
-1.09065
-0.974037
0.058305
-0.373838
-1.31701
-1.13866
-1.57424
-0.257228
0.716809
1.66684
-0.511026
0.11318
-0.799122
0.305244
-0.8197
1.52965
0.93631
-0.404705
0.425284
1.34102
0.511026
0.147477
0.528175
-1.62225
-0.576191
-0.0960318
0.603628
0.329252
1.08379
1.70456
-0.0102891
-1.35473
0.250369
-1.27928
-1.51593
-0.390987
-0.164626
-0.452721
-0.318963
0.919162
0.202353
0.895154
-1.03577
-1.70799
1.45763
1.32387
1.62911
-1.65998
-0.709949
1.67713
-0.919162
0.967177
-1.13866
-0.775114
0.757965
0.929451
-1.64626
-1.14209
-0.363549
1.22784
-1.61196
-0.445862
-0.685941
1.27585
-1.63254
-0.0171485
1.32387
-0.315533
-1.0735
0.123469
0.264087
-1.12837
1.07693
-0.253798
1.18668
0.0274377
0.946599
-0.336111
1.54337
0.188634
-0.277806
-0.260658
1.52965
-0.288095
-1.59824
0.929451
0.11318
0.929451
-0.137188
0.771684
0.198923
0.70309
-1.05292
0.723668
1.66684
-1.59824
-1.12494
-0.23322
-0.915732
1.30329
-0.884864
0.788833
-1.02891
1.06321
-1.24155
0.198923
-0.456151
-1.37874
-0.874575
1.11808
1.4542
1.4542
0.781973
-0.397846
-0.562472
1.08722
0.342971
0.69966
1.57767
1.69771
1.26556
0.891724
0.531605
-1.13523
-0.884864
1.50907
1.11808
1.34787
0.109751
0.867716
0.685941
-0.246939
1.24841
0.93974
0.600199
0.058305
0.102891
1.61882
-1.26899
-0.843708
0.164626
-0.902013
-1.68742
-1.23812
-1.01519
0.493878
-0.805981
-0.751106
0.70309
-0.195493
0.439003
-0.692801
0.22979
-0.46987
-0.106321
0.733957
-0.452721
-1.49878
-0.411565
1.27928
0.991185
0.541894
0.744246
-0.0617347
-1.6394
1.06321
-1.43705
1.50907
1.49192
-0.572761
1.26556
1.57081
-1.17982
-1.10094
-1.48849
1.02891
0.692801
0.082313
1.59481
0.12004
0.857427
-0.740817
0.366979
-0.253798
0.291525
-0.908872
0.644785
-1.45763
-0.603628
1.22784
1.08379
0.0685941
0.81627
-1.293
-0.624207
1.39589
-0.878005
0.864286
0.740817
-0.404705
1.49535
1.19011
1.44734
1.4782
-1.61196
1.10094
-1.10437
1.23126
-0.843708
1.33073
0
-1.31358
-0.377268
0.620777
-1.0735
-0.0926021
-1.5125
1.22784
0.891724
-0.0205782
-0.517886
-0.0274377
1.10437
0.785403
1.30672
1.37531
0.332682
1.16267
1.19697
0.58648
1.23126
0.795692
1.68056
-1.59138
-0.154337
1.48506
-0.94317
-1.38217
0.480159
1.45077
0.11661
0.620777
0.912302
0.0994615
0.130329
0.987756
-0.565902
1.33073
-0.679082
-0.840278
1.04606
1.52622
-0.878005
-0.70652
0.11661
-0.744246
1.11808
0.312103
0.740817
0.634496
-1.33759
-0.809411
0.689371
0.912302
0.781973
-1.04263
-1.14552
-0.387557
0.0617347
-1.59824
0.548753
1.55366
-1.43019
-0.377268
0.764825
-1.6737
0.565902
0.631066
0.929451
0.94317
-0.00685941
0.106321
1.49192
0.360119
0.0994615
1.10437
-1.46791
0.174915
1.10437
-0.559042
0.81627
0.860857
-1.15924
-0.93974
1.56395
0.384127
-0.264087
0.689371
-0.267517
0.0926021
-0.082313
1.32044
0.802552
-0.8197
-0.370408
-1.55023
-0.109751
0.144048
0.795692
-0.418424
1.35473
-1.52965
-1.69428
-0.576191
-1.14209
-0.93974
-1.53994
-0.81627
-0.905443
-0.600199
-0.709949
-1.5125
-0.843708
-0.168056
-0.600199
0.497308
-1.66341
-1.52965
0.874575
-0.0926021
-1.30672
0.174915
1.4542
1.15238
0.00685941
-0.757965
1.09408
1.70456
0.421854
-0.459581
-0.0308674
1.04606
-1.40275
-0.682512
1.12151
0.411565
-0.524745
-0.154337
1.42333
-0.81627
-1.57081
-0.984326
-1.47477
-0.70652
-0.144048
-1.37874
-1.65655
-0.665363
0.747676
1.45077
-0.771684
0.0377268
0.864286
0.439003
-0.874575
-0.926021
0.305244
-1.38903
-1.26213
1.35473
1.53994
0.692801
-0.0514456
1.12837
1.57424
-0.991185
-1.49535
-0.46987
1.20726
0.0617347
-0.0685941
0.442432
1.56052
1.51593
-1.40618
-1.5468
-0.435573
1.07007
-1.23469
1.43705
-1.29986
-0.874575
0.727098
0.315533
-0.277806
0.802552
0.150907
-1.34787
0.3464
0.384127
0.82313
1.51593
-0.785403
-0.795692
1.64283
-1.68056
-1.67713
-1.49192
-0.679082
0.613918
1.58795
1.15581
1.36845
0.46301
1.56738
-1.26899
-0.919162
1.53994
-0.373838
1.41304
0.418424
-0.483589
-1.6051
0.432143
-1.02548
1.0392
0.0377268
0.0274377
-0.847138
0.576191
1.12151
0.425284
1.45077
1.30329
-0.0857427
1.66341
-0.576191
-1.4782
-0.757965
-1.60853
-0.929451
-0.363549
-1.6394
0.250369
-0.524745
1.52279
-0.312103
-0.757965
-0.860857
1.47134
-1.02891
-0.946599
-1.08379
1.57424
-1.12494
-0.826559
-0.977467
0.946599
-0.603628
0.452721
-1.5125
0.260658
-1.70113
-1.57424
-0.205782
-0.675652
-0.497308
-0.517886
1.22441
0.524745
-0.0857427
0.442432
-0.329252
1.53651
-0.209212
-0.377268
-0.833419
1.43019
1.57767
1.51593
0.11318
-1.14895
-1.41304
-0.665363
-1.59824
0.620777
-0.881435
0.0926021
0.70309
-0.154337
0.624207
0.0685941
-1.23812
1.3273
-0.390987
1.35816
1.20726
0.270947
0.661934
0.0685941
-0.257228
-1.34787
0.0960318
-1.59481
-1.37531
0.984326
-0.960318
-0.154337
-1.42333
-1.46449
-1.13866
-1.38903
-0.277806
-0.174915
1.51936
0.888294
1.50564
-0.850567
-0.34983
-1.3856
-1.05635
0.456151
-0.888294
-0.600199
1.70113
-0.500737
-1.22441
-0.545323
-1.03577
1.2004
-1.10094
0.675652
1.48506
1.48506
0.274377
-1.68742
1.4542
0.840278
1.62911
0.596769
0.390987
-1.15238
0.270947
1.14552
0.270947
-0.514456
1.53994
1.19011
1.4542
-0.0411565
-1.69428
1.09751
0.600199
0.250369
0.212642
1.49192
-0.373838
0.535034
0.541894
-1.33416
1.21755
1.29643
0.219501
-1.54337
-0.685941
-1.36845
1.68742
-0.243509
0.548753
-0.487018
-0.428713
1.43019
1.07007
1.02548
-1.08379
1.15924
-0.34983
0.0514456
-1.04606
1.28271
-1.59138
-0.212642
-0.284666
-1.23469
-0.826559
1.4542
-1.04606
0.829989
1.0392
-1.13523
-0.692801
-0.456151
-1.22784
0.555613
-1.03234
-0.0651644
0.696231
1.61539
-1.58795
-0.692801
-0.788833
0.150907
0.655074
-0.58648
1.63597
0.291525
-1.06321
1.39932
0.329252
0.3464
0.0926021
0.507597
-1.31701
-0.655074
1.36159
0.397846
1.44048
0.246939
-0.46301
1.27928
0.264087
-0.24008
-1.3273
-1.4199
-0.850567
1.09408
0.802552
-1.14209
-1.33759
0.332682
-1.57424
0.0102891
1.08379
-0.915732
-1.61539
0.994615
-1.04949
0.871146
-1.63597
0
1.15238
1.29643
1.47477
-1.11123
-0.0308674
-1.69771
-0.93288
-1.1661
-0.531605
-0.840278
1.11465
-1.05292
-1.68399
1.37874
-1.25527
-1.26899
0.977467
1.61882
0.754536
-0.0548753
0.836849
1.59481
1.51593
0.850567
0.926021
-0.23322
-1.39932
1.42676
-0.775114
0.926021
0.185204
1.32387
-0.264087
1.23469
-0.956888
0.8197
-0.747676
-0.483589
-1.34445
-0.548753
-0.593339
-0.0514456
1.45763
1.16267
1.55709
1.63597
1.16953
-0.058305
0.850567
1.11465
-0.106321
0.394416
0.418424
1.67027
1.58795
-0.370408
-1.67027
0.665363
1.30329
-1.51593
1.08036
0.761395
0.476729
1.69428
-0.682512
1.39589
0.0342971
0.291525
-0.339541
-0.4733
-0.178345
0.133759
-0.696231
0.411565
-0.387557
1.41304
-0.709949
0.0377268
0.679082
-0.853997
-0.843708
-0.360119
-1.0392
-0.308674
0.970607
-0.792262
-1.69085
1.43019
1.14209
-1.32387
0.0994615
-1.46106
1.63597
-1.16267
1.07693
-1.36159
-1.53651
0.648215
-1.55366
-1.70799
-1.66341
1.48849
1.40961
0.226361
-0.342971
-1.61196
-0.94317
-0.0445862
-0.366979
0.867716
1.19697
-1.30329
1.3513
0.69966
0.507597
0.0788833
0.082313
0.277806
-0.246939
1.44391
-0.380698
0.46644
-0.0994615
-0.610488
-0.312103
0.23322
0.339541
0.394416
-0.209212
1.33073
-1.22784
-0.0754536
0.164626
-0.93631
-1.45763
-1.56052
-0.524745
-0.360119
-0.723668
0.600199
1.5468
0.500737
0.528175
-1.01519
-1.50564
0.432143
1.48849
1.06664
-1.14895
0.404705
-0.58648
0.305244
0.977467
-0.192064
0.8197
-0.46987
-1.66341
-0.514456
0.788833
-0.754536
-0.603628
-1.6051
1.5125
-0.905443
-0.967177
-0.857427
-0.799122
-0.0411565
1.01176
-0.888294
0.212642
0.188634
0.390987
-0.70309
-0.147477
-1.0392
-0.363549
0.264087
-1.71485
0.459581
0.291525
-1.69771
1.57081
0.895154
0.668793
0.243509
1.58795
1.01862
-0.829989
1.17639
0.421854
0.8197
-0.740817
-1.05978
-0.277806
0.93631
-0.81627
-0.881435
-0.0171485
-1.49878
-1.57767
-0.555613
0.188634
1.52279
-1.27928
-0.00685941
-1.54337
-1.20726
-0.569331
-1.53651
0.411565
-1.41647
0.397846
1.12837
-1.43019
1.23469
-1.59138
-0.480159
1.1661
-0.264087
0.432143
0.147477
0.613918
0.864286
-0.130329
1.65655
1.44048
-0.613918
0.737387
1.15238
1.65655
-0.970607
0.977467
-0.682512
-1.2004
-1.15924
-0.0377268
0.871146
-0.198923
0.891724
0.23322
0.984326
-1.12837
0.137188
-1.0735
0.24008
0.644785
-0.23665
-0.689371
1.4782
0.569331
-1.43019
-1.38217
