-7307
3161
-4014
-836
2621
-1147
6995
2440
-459
2293
-6324
-2933
540
-394
-1213
-3162
7584
-6439
-5734
-4407
278
8059
-5030
-4735
7142
5717
-2425
-6832
6913
-6045
-803
7683
7519
-6389
-4047
1883
-6193
-213
1359
-4358
-1868
-8093
7437
1392
245
311
5897
-1393
2391
1834
3014
1720
6405
-672
2178
3260
-7045
-8126
-7913
-5964
6356
-5472
-4293
4930
-5964
1802
-1819
1474
-1753
-5718
-3179
2211
7371
-2163
-7438
7896
-3686
-4342
-295
-3932
-770
3931
1785
4144
-3523
3112
1900
-1000
4799
2670
1392
-6783
-3539
-2998
-7241
-6914
982
6864
-2179
-1884
4914
-2851
-3752
7863
-3703
-3637
-6799
704
-2081
5455
2113
7191
-7274
-2278
6143
3145
2997
-5652
3047
6864
-7110
-2130
-1868
5258
-5325
4029
-5603
6094
6585
4111
769
-5210
-4653
278
-1786
-6291
-5439
-7520
-1229
3423
7961
-2441
540
-3818
1457
-3916
7306
4472
-1934
2031
6405
2440
704
2522
-7749
-2753
-459
2883
1572
5176
8141
-50
-6471
1195
-6111
-7241
-1868
-787
-2163
-1524
4390
966
4275
-4948
-8159
6962
6323
7781
-7929
-3392
8010
-4391
4619
-5439
-3703
3620
4439
-7864
-5456
-1737
5864
-7700
-2130
-3277
6094
-7798
-82
6323
-1508
-5128
589
1261
-5390
5143
-1213
5668
131
4521
-1606
7371
901
-1327
-1246
7306
-1377
-7635
4439
540
4439
-656
3685
950
3358
-5030
3456
7961
-7635
-5374
-1114
-4374
6225
-4227
3767
-4915
5078
-5931
950
-2179
-6586
-4178
5340
6945
6945
3735
-1901
-2687
5193
1638
3341
7535
8109
6044
4259
2539
-5423
-4227
7208
5340
6438
524
4144
3276
-1180
5963
4488
2866
278
491
7732
-6062
-4030
786
-4309
-8060
-5914
-4850
2359
-3850
-3588
3358
-934
2096
-3310
1097
-2245
-508
3505
-2163
-7159
-1966
6110
4734
2588
3554
-295
-7831
5078
-6865
7208
7126
-2736
6044
7502
-5636
-5259
-7110
4914
3309
393
7617
573
4095
-3539
1752
-1213
1392
-4342
3079
-6963
-2884
5864
5176
327
3898
-6177
-2982
6667
-4194
4128
3538
-1934
7142
5684
6913
7060
-7700
5258
-5276
5881
-4030
6356
0
-6275
-1803
2965
-5128
-443
-7225
5864
4259
-99
-2474
-132
5275
3751
6241
6569
1589
5553
5717
2801
5881
3800
8027
-7602
-738
7093
-4506
-6602
2293
6929
556
2965
4357
475
622
4718
-2704
6356
-3244
-4014
4996
7289
-4194
-3375
556
-3555
5340
1490
3538
3030
-6389
-3867
3292
4357
3735
-4981
-5472
-1852
294
-7635
2621
7421
-6832
-1803
3653
-7995
2703
3014
4439
4505
-33
507
7126
1720
475
5275
-7012
835
5275
-2671
3898
4111
-5538
-4489
7470
1834
-1262
3292
-1278
442
-394
6307
3833
-3916
-1770
-7405
-525
688
3800
-1999
6470
-7307
-8093
-2753
-5456
-4489
-7356
-3899
-4325
-2867
-3392
-7225
-4030
-803
-2867
2375
-7946
-7307
4177
-443
-6242
835
6945
5504
32
-3621
5225
8141
2014
-2196
-148
4996
-6701
-3261
5356
1965
-2507
-738
6798
-3899
-7503
-4702
-7045
-3375
-689
-6586
-7913
-3179
3571
6929
-3686
180
4128
2096
-4178
-4424
1457
-6635
-6029
6470
7355
3309
-246
5389
7519
-4735
-7143
-2245
5766
294
-328
2113
7453
7240
-6717
-7389
-2081
5111
-5898
6864
-6209
-4178
3472
1507
-1327
3833
720
-6439
1654
1834
3931
7240
-3752
-3801
7846
-8028
-8011
-7127
-3244
2932
7584
5520
6536
2211
7486
-6062
-4391
7355
-1786
6749
1998
-2310
-7667
2064
-4899
4963
180
131
-4047
2752
5356
2031
6929
6225
-410
7945
-2753
-7061
-3621
-7684
-4440
-1737
-7831
1195
-2507
7273
-1491
-3621
-4112
7027
-4915
-4522
-5177
7519
-5374
-3949
-4669
4521
-2884
2162
-7225
1245
-8126
-7520
-983
-3228
-2376
-2474
5848
2506
-410
2113
-1573
7339
-1000
-1803
-3981
6831
7535
7240
540
-5488
-6750
-3179
-7635
2965
-4211
442
3358
-738
2981
327
-5914
6339
-1868
6487
5766
1294
3161
327
-1229
-6439
458
-7618
-6570
4701
-4587
-738
-6799
-6996
-5439
-6635
-1327
-836
7257
4242
7191
-4063
-1671
-6619
-5046
2178
-4243
-2867
8125
-2392
-5849
-2605
-4948
5733
-5259
3227
7093
7093
1310
-8060
6945
4013
7781
2850
1867
-5505
1294
5471
1294
-2458
7355
5684
6945
-197
-8093
5242
2866
1195
1015
7126
-1786
2555
2588
-6373
5815
6192
1048
-7372
-3277
-6537
8059
-1164
2621
-2327
-2048
6831
5111
4898
-5177
5537
-1671
245
-4997
6126
-7602
-1016
-1360
-5898
-3949
6945
-4997
3964
4963
-5423
-3310
-2179
-5865
2653
-4931
-312
3325
7715
-7585
-3310
-3768
720
3128
-2802
7814
1392
-5079
6683
1572
1654
442
2424
-6291
-3129
6503
1900
6880
1179
-2212
6110
1261
-1147
-6340
-6783
-4063
5225
3833
-5456
-6389
1589
-7520
49
5176
-4374
-7716
4750
-5013
4161
-7815
0
5504
6192
7044
-5308
-148
-8110
-4456
-5570
-2540
-4014
5324
-5030
-8044
6585
-5996
-6062
4668
7732
3604
-263
3997
7617
7240
4062
4423
-1114
-6684
6814
-3703
4423
884
6323
-1262
5897
-4571
3915
-3572
-2310
-6422
-2622
-2835
-246
6962
5553
7437
7814
5586
-279
4062
5324
-508
1883
1998
7978
7584
-1770
-7979
3178
6225
-7241
5160
3636
2277
8092
-3261
6667
163
1392
-1622
-2261
-852
638
-3326
1965
-1852
6749
-3392
180
3243
-4080
-4030
-1721
-4964
-1475
4636
-3785
-8077
6831
5455
-6324
475
-6979
7814
-5554
5143
-6504
-7340
3096
-7422
-8159
-7946
7109
6733
1081
-1639
-7700
-4506
-213
-1753
4144
5717
-6226
6454
3341
2424
376
393
1326
-1180
6896
-1819
2227
-476
-2916
-1491
1113
1621
1883
-1000
6356
-5865
-361
786
-4473
-6963
-7454
-2507
-1721
-3457
2866
7388
2391
2522
-4850
-7192
2064
7109
5094
-5488
1933
-2802
1457
4668
-918
3915
-2245
-7946
-2458
3767
-3605
-2884
-7667
7224
-4325
-4620
-4096
-3818
-197
4832
-4243
1015
901
1867
-3359
-705
-4964
-1737
1261
-8191
2195
1392
-8110
7502
4275
3194
1163
7584
4865
-3965
5619
2014
3915
-3539
-5063
-1327
4472
-3899
-4211
-82
-7159
-7536
-2654
901
7273
-6111
-33
-7372
-5767
-2720
-7340
1965
-6766
1900
5389
-6832
5897
-7602
-2294
5569
-1262
2064
704
2932
4128
-623
7912
6880
-2933
3522
5504
7912
-4637
4668
-3261
-5734
-5538
-181
4161
-951
4259
1113
4701
-5390
655
-5128
1146
3079
-1131
-3293
7060
2719
-6832
-6602
