0.00155157
0.00488085
-0.00155443
-0.00657841
-0.000586847
0.00854221
0.00407644
-0.0154727
-0.0142303
0.0170901
0.029872
-0.00729981
-0.0482388
-0.014591
0.0727032
0.073499
-0.109431
-0.377981
-0.506555
-0.425144
-0.271195
-0.144679
0.067101
0.474988
0.842787
0.760878
0.203476
-0.365225
-0.563213
-0.499831
-0.410736
-0.254091
0.0708053
0.281463
-0.038626
-0.739044
-1.07312
-0.611793
0.112626
0.31504
0.00123667
-0.114813
0.305859
0.685698
0.379788
-0.397619
-0.790489
-0.320516
0.583217
1.07354
0.723963
-0.14877
-0.821875
-0.820501
-0.314865
0.0338139
-0.196448
-0.703206
-0.843182
-0.392106
0.225072
0.510723
0.455216
0.339856
0.307227
0.321026
0.369333
0.466461
0.551737
0.574589
0.603382
0.667068
0.539058
-0.0770201
-1.04909
-1.72949
-1.58738
-0.803523
-0.099724
0.00719389
-0.318237
-0.540495
-0.344448
0.0729351
0.220792
-0.158349
-0.729952
-0.842598
-0.280756
0.404698
0.531186
0.099389
-0.273794
-0.238226
-0.12671
-0.339765
-0.682094
-0.628731
-0.0584929
0.554834
0.705305
0.398458
0.0388293
-0.0203221
0.234352
0.559094
0.662594
0.422728
-0.0528964
-0.558467
-0.978503
-1.25826
-1.26194
-0.813081
-0.0595292
0.499373
0.488529
0.0609405
-0.25969
-0.15893
0.171305
0.283622
-0.100674
-0.778211
-1.15726
-0.740822
0.282525
1.05693
0.881659
0.0571904
-0.419284
-0.0643671
0.547626
0.64431
0.282231
0.0881845
0.211646
0.167105
-0.251689
-0.54993
-0.294363
0.150954
0.128843
-0.251523
-0.1748
0.655463
1.40502
1.10115
-0.0721364
-0.952064
-0.845192
-0.290286
-0.267293
-0.972483
-1.60793
-1.34249
-0.243084
0.821546
1.04344
0.408013
-0.408042
-0.687207
-0.266632
0.411022
0.740034
0.572374
0.312875
0.400516
0.764026
0.892114
0.44842
-0.316253
-0.829625
-0.77033
-0.253727
0.388284
0.883426
1.08908
0.918505
0.359712
-0.413965
-1.02563
-1.13556
-0.833987
-0.551528
-0.539579
-0.491268
0.0238375
0.743421
0.785167
-0.130412
-0.979047
-0.577609
0.752521
1.44152
0.706349
-0.402549
-0.518049
0.196892
0.484375
-0.0852646
-0.591041
-0.296083
0.246668
0.111793
-0.584457
-0.932145
-0.572514
-0.11037
-0.149337
-0.505539
-0.608901
-0.318873
0.0319817
0.155062
0.0922982
-0.0368082
-0.216821
-0.378579
-0.361438
-0.0785517
0.282391
0.459335
0.446536
0.463724
0.578457
0.618591
0.468731
0.267914
0.209725
0.260552
0.186984
-0.0690276
-0.283507
-0.176111
0.236746
0.641945
0.711834
0.421488
0.0686525
0.00277106
0.287569
0.544898
0.303414
-0.427488
-1.02934
-0.923202
-0.234327
0.337374
0.306526
-0.100872
-0.304914
-0.116431
0.0575454
-0.230811
-0.861394
-1.15
-0.547016
0.69771
1.62544
1.49757
0.553666
-0.236505
-0.217884
0.331242
0.771421
0.950263
1.1931
1.58949
1.65307
0.969732
-0.133154
-0.750566
-0.344276
0.681396
1.39724
1.28414
0.668579
0.26435
0.375093
0.694925
0.815374
0.695623
0.568283
0.523539
0.411099
0.132524
-0.183912
-0.410232
-0.642074
-0.997523
-1.2972
-1.21702
-0.774034
-0.376398
-0.292287
-0.293203
-0.0711087
0.232357
0.181055
-0.226437
-0.433274
-0.121658
0.272134
0.117676
-0.525572
-0.891309
-0.430248
0.567229
1.27265
1.12153
0.303947
-0.477267
-0.659605
-0.275692
0.222409
0.523534
0.728687
0.968089
1.01549
0.490679
-0.480081
-1.1475
-0.90323
0.0122694
0.802675
0.989654
0.771647
0.530018
0.308705
0.0246562
-0.172138
-0.0975426
0.0612525
-0.0899422
-0.560339
-0.783455
-0.295362
0.609543
1.10582
0.741529
-0.110989
-0.634119
-0.420168
0.177425
0.516511
0.388058
0.186088
0.388118
0.985566
1.48902
1.42083
0.752424
-0.0626352
-0.453269
-0.190044
0.363986
0.584331
0.230688
-0.304004
-0.475306
-0.270207
-0.197934
-0.50563
-0.731527
-0.341714
0.408377
0.707437
0.266915
-0.258877
-0.126991
0.593884
1.2327
1.33777
1.07157
0.8137
0.773304
0.93747
1.16172
1.18788
0.8659
0.374543
0.0543678
-0.0254148
-0.10597
-0.331228
-0.431364
-0.0720591
0.592206
1.00333
0.825053
0.349051
0.142572
0.365858
0.611578
0.439271
-0.0414429
-0.281272
0.0222458
0.534105
0.642646
0.156053
-0.514422
-0.732594
-0.222902
0.617309
1.04949
0.663415
-0.223449
-0.78578
-0.475495
0.374062
0.853141
0.446554
-0.439154
-1.00628
-0.920414
-0.49215
-0.116067
0.102527
0.190124
0.0712547
-0.283361
-0.598166
-0.479257
0.117644
0.742934
0.922243
0.648392
0.339384
0.370326
0.672378
0.830658
0.550114
-0.00586561
-0.356809
-0.186403
0.333664
0.67545
0.488191
-0.0520491
-0.423191
-0.265286
0.28098
0.674216
0.536779
0.0439248
-0.261473
-0.0246361
0.541465
0.862207
0.5564
-0.215716
-0.903522
-1.0279
-0.53965
0.203627
0.686932
0.557751
-0.120899
-0.883105
-1.23601
-1.13433
-0.983997
-1.09335
-1.24908
-1.07229
-0.693112
-0.640236
-1.01371
-1.22261
-0.830818
-0.259215
-0.20051
-0.620346
-0.870366
-0.67772
-0.425018
-0.387877
-0.241171
0.297122
0.842793
0.812769
0.32037
0.0992917
0.487888
0.976872
0.913821
0.313949
-0.260663
-0.409433
-0.215931
0.011777
0.0819267
0.0723454
0.172107
0.361512
0.282191
-0.364438
-1.23663
-1.55686
-1.08745
-0.542547
-0.686397
-1.27293
-1.34768
-0.535751
0.459192
0.767044
0.382662
0.0108209
0.0821872
0.274954
0.0366422
-0.653682
-1.173
-0.934673
-0.087446
0.653691
0.878814
0.873263
0.962613
0.924994
0.36627
-0.468399
-0.810261
-0.397739
0.156056
0.312088
0.359886
0.761238
1.15246
0.716337
-0.475063
-1.25904
-0.842197
0.145049
0.520136
0.00814143
-0.621466
-0.638278
-0.0898821
0.474737
0.599125
0.201741
-0.370664
-0.547102
-0.0507866
0.672599
0.897991
0.51058
0.0814916
-0.00193803
-0.121746
-0.759174
-1.57533
-1.64978
-0.683508
0.619084
1.38075
1.45823
1.24231
0.912613
0.355232
-0.285809
-0.477072
0.0560711
0.83168
1.03568
0.378239
-0.583698
-1.02052
-0.642575
0.0881616
0.448741
0.185681
-0.256266
-0.275632
0.238489
0.83456
1.07586
1.01927
0.988692
0.979305
0.602807
-0.267308
-1.10358
-1.34834
-1.10981
-0.950149
-1.01603
-0.873203
-0.262332
0.340434
0.367713
-0.051299
-0.31504
-0.227883
-0.172399
-0.388928
-0.579751
-0.427047
-0.171196
-0.262787
-0.60291
-0.648961
-0.207203
0.220732
0.0646792
-0.586919
-1.11477
-1.15676
-0.936852
-0.826748
-0.781715
-0.468808
0.146371
0.598006
0.517385
0.156015
0.109486
0.468685
0.625453
0.134686
-0.488082
-0.303171
0.804316
1.76431
1.51588
0.1895
-1.09415
-1.47845
-1.09645
-0.609159
-0.390348
-0.272907
-0.00674159
0.334932
0.45669
0.215304
-0.156391
-0.275206
0.041566
0.597433
1.002
1.01284
0.70736
0.340938
0.0471281
-0.256395
-0.671662
-1.05063
-1.07895
-0.681106
-0.202637
-0.135845
-0.590102
-1.16836
-1.45221
-1.38573
-1.10526
-0.599383
0.231656
1.09748
1.38513
0.814006
-0.170292
-0.861795
-1.02362
-0.867088
-0.574377
-0.147823
0.240816
0.23891
-0.206771
-0.677402
-0.76453
-0.544646
-0.280768
0.0981495
0.744892
1.29313
1.07142
0.138485
-0.437782
0.166931
1.32291
1.63676
0.743155
-0.270791
-0.344688
0.240793
0.499708
0.279889
0.329024
0.960128
1.42335
0.961639
-0.0313434
-0.490224
-0.075981
0.528492
0.683989
0.554714
0.546913
0.545307
0.209192
-0.218379
-0.059993
0.685678
1.03565
0.247131
-1.0195
-1.39422
-0.493269
0.605291
0.712687
-0.0256982
-0.443828
0.0699093
0.917154
1.1717
0.694117
0.108186
-0.0867131
-0.0145824
-0.00653261
-0.138015
-0.286427
-0.396474
-0.521464
-0.679515
-0.737335
-0.512704
-0.00911188
0.493395
0.584168
0.158718
-0.429793
-0.741088
-0.703286
-0.600305
-0.556844
-0.342163
0.19883
0.661297
0.468931
-0.325111
-0.96638
-0.844505
-0.139283
0.482712
0.631943
0.43749
0.215968
0.138925
0.264986
0.534117
0.66138
0.326427
-0.366994
-0.776316
-0.341451
0.620046
1.16753
0.84895
0.25097
0.184107
0.591425
0.583192
-0.308272
-1.36798
-1.46777
-0.444421
0.61542
0.592346
-0.410876
-1.25057
-1.08312
-0.248145
0.245305
-0.0643614
-0.625439
-0.658119
-0.207455
-0.00342375
-0.345292
-0.630217
-0.157037
0.856914
1.45306
1.03092
-0.0513534
-0.986004
-1.32599
-1.18721
-0.886844
-0.602512
-0.36826
-0.227774
-0.239087
-0.439022
-0.715874
-0.755522
-0.266973
0.544282
1.06164
0.912968
0.516208
0.595667
1.22444
1.6716
1.30508
0.37892
-0.324323
-0.381185
-0.039648
0.283399
0.465931
0.593712
0.645999
0.533536
0.318483
0.120249
-0.0676563
-0.349612
-0.712759
-0.96281
-0.908963
-0.512922
0.163616
0.972915
1.58519
1.67381
1.27922
0.850379
0.744472
0.745703
0.499439
0.17742
0.331277
0.976328
1.36088
0.885215
-0.0394247
-0.508619
-0.247277
0.195838
0.354012
0.368823
0.54896
0.818575
0.870169
0.666266
0.440113
0.292825
0.107759
-0.14186
-0.317267
-0.343137
-0.257174
-0.106901
0.0713549
0.20357
0.223068
0.19927
0.177508
0.0201532
-0.418582
-0.873741
-0.852867
-0.365666
-0.0290904
-0.251669
-0.556597
-0.272045
0.381949
0.510265
-0.141822
-0.720832
-0.456962
0.210884
0.307837
-0.273311
-0.743103
-0.706312
-0.709241
-1.19403
-1.57339
-0.944303
0.492416
1.39467
0.841213
-0.58815
-1.50402
-1.21491
-0.241512
0.46417
0.508075
0.257434
0.218602
0.483868
0.720835
0.617109
0.239374
-0.0420326
0.0479984
0.377266
0.5756
0.438724
0.0872942
-0.239454
-0.379401
-0.268704
0.0419954
0.363654
0.459516
0.27281
0.0257669
-0.0607401
-0.103611
-0.387457
-0.898269
-1.26568
-1.22496
-0.930846
-0.626905
-0.202854
0.533015
1.20058
1.04738
-0.0188278
-1.01938
-0.90116
0.194266
1.09169
0.924253
0.0181694
-0.614435
-0.407867
0.329611
0.852918
0.654899
-0.105246
-0.754059
-0.76812
-0.351115
-0.15854
-0.432861
-0.690708
-0.476763
-0.105363
-0.216942
-0.786899
-1.08451
-0.661855
0.0301439
0.285357
0.0696115
-0.0884851
0.0520319
0.143085
-0.137108
-0.570006
-0.710709
-0.513302
-0.330968
-0.375949
-0.461397
-0.320857
0.0299922
0.414829
0.727714
0.946579
0.989216
0.782219
0.493999
0.420071
0.580529
0.61481
0.233144
-0.35025
-0.639595
-0.42571
-0.0418408
0.0339312
-0.351785
-0.979565
-1.40081
-1.24713
-0.523207
0.303958
0.566671
0.0255579
-0.837523
-1.29907
-1.167
-0.87823
-0.787475
-0.729365
-0.38776
0.130675
0.362122
0.0832836
-0.402766
-0.589223
-0.300228
0.18496
0.451844
0.375886
0.214786
0.282777
0.624065
0.952213
0.988308
0.741125
0.510265
0.564109
0.837005
0.979414
0.663178
-0.0737996
-0.788479
-1.03122
