0.00153118
0.00489156
-0.00156236
-0.0066401
-0.000580893
0.00848157
0.00401566
-0.0154596
-0.0143313
0.0171816
0.0298473
-0.00730784
-0.0480831
-0.0146456
0.0727504
0.0734803
-0.10948
-0.377932
-0.506533
-0.424977
-0.271069
-0.144697
0.067075
0.47489
0.84291
0.760798
0.203531
-0.365073
-0.563207
-0.499628
-0.410759
-0.253837
0.0709927
0.281382
-0.0383503
-0.738815
-1.07295
-0.611646
0.112786
0.315212
0.00125812
-0.114707
0.305908
0.685622
0.379728
-0.397552
-0.790411
-0.320629
0.583183
1.0736
0.723998
-0.14864
-0.821717
-0.820158
-0.31452
0.0339321
-0.196185
-0.702877
-0.842938
-0.392011
0.225293
0.510856
0.455212
0.340001
0.307081
0.321117
0.369345
0.466421
0.551875
0.574356
0.603353
0.667246
0.538971
-0.0769502
-1.049
-1.72928
-1.58717
-0.803464
-0.0995345
0.00726887
-0.318059
-0.54035
-0.344352
0.0730377
0.220591
-0.158364
-0.729915
-0.842815
-0.28058
0.404672
0.531138
0.0995455
-0.27378
-0.238074
-0.12676
-0.339768
-0.681949
-0.628802
-0.0585673
0.554676
0.705457
0.398528
0.0387844
-0.0200803
0.234393
0.559172
0.662668
0.422728
-0.0526918
-0.558478
-0.978537
-1.25806
-1.26204
-0.812871
-0.0592708
0.499423
0.488574
0.0610058
-0.259544
-0.158716
0.171348
0.283678
-0.100467
-0.778311
-1.15725
-0.740718
0.282616
1.05688
0.881758
0.0574028
-0.419042
-0.0641655
0.547734
0.644681
0.282352
0.0883135
0.211824
0.167018
-0.251686
-0.549756
-0.294277
0.151087
0.128976
-0.251443
-0.174498
0.655426
1.40516
1.10139
-0.0719633
-0.951896
-0.845018
-0.290174
-0.267172
-0.972273
-1.60783
-1.34219
-0.242833
0.821769
1.04365
0.40815
-0.40787
-0.686911
-0.266523
0.411316
0.740122
0.572414
0.31308
0.400602
0.764099
0.89223
0.448567
-0.316073
-0.829379
-0.770227
-0.253582
0.388475
0.883673
1.08928
0.918805
0.359939
-0.413612
-1.02545
-1.13536
-0.833606
-0.551573
-0.539351
-0.491038
0.023859
0.743692
0.785248
-0.130249
-0.978877
-0.577527
0.752612
1.44131
0.706164
-0.402456
-0.517977
0.196873
0.484326
-0.0850271
-0.590987
-0.296019
0.246757
0.111765
-0.584118
-0.93211
-0.572356
-0.110146
-0.149282
-0.505368
-0.608743
-0.31886
0.0321576
0.155057
0.092461
-0.0365738
-0.216674
-0.378466
-0.361285
-0.0783595
0.28248
0.459648
0.446632
0.463925
0.578617
0.618906
0.468991
0.268205
0.20988
0.260853
0.18725
-0.0687806
-0.283068
-0.175972
0.237087
0.642255
0.712068
0.421827
0.0688655
0.00292977
0.287752
0.545094
0.303604
-0.427242
-1.0291
-0.922996
-0.234125
0.337506
0.306825
-0.100476
-0.304607
-0.116158
0.0579866
-0.230545
-0.861007
-1.14966
-0.546611
0.698092
1.62575
1.498
0.55404
-0.236058
-0.217473
0.331692
0.771805
0.950798
1.19364
1.59
1.65358
0.970219
-0.132446
-0.749975
-0.343737
0.681969
1.39759
1.28456
0.668889
0.264733
0.375554
0.695097
0.815675
0.696003
0.568539
0.523826
0.411271
0.132781
-0.183705
-0.410084
-0.64177
-0.997385
-1.29704
-1.21694
-0.773807
-0.376258
-0.292332
-0.292968
-0.0710334
0.232404
0.181172
-0.226434
-0.433136
-0.121624
0.271933
0.117915
-0.525557
-0.891204
-0.430102
0.567148
1.27296
1.12163
0.304029
-0.476933
-0.659392
-0.275427
0.222751
0.523713
0.728916
0.968254
1.01584
0.490965
-0.479698
-1.14726
-0.902971
0.0125538
0.80276
0.989983
0.771891
0.530256
0.309066
0.0248539
-0.171706
-0.0970858
0.0613674
-0.0894077
-0.560117
-0.782993
-0.294808
0.609834
1.10644
0.741948
-0.110598
-0.633583
-0.419842
0.177754
0.516691
0.388297
0.18632
0.388408
0.985843
1.4891
1.42117
0.752593
-0.0623498
-0.45281
-0.189828
0.364352
0.58456
0.230862
-0.303365
-0.47494
-0.269556
-0.197356
-0.505119
-0.730879
-0.34124
0.409072
0.70778
0.267275
-0.258235
-0.126684
0.59424
1.23295
1.33809
1.07198
0.813822
0.773773
0.93787
1.16213
1.18832
0.866318
0.375151
0.0549338
-0.0248919
-0.105315
-0.330687
-0.430735
-0.0715857
0.592783
1.0039
0.825397
0.349523
0.142952
0.366247
0.611839
0.439685
-0.0411721
-0.281129
0.0226208
0.534374
0.642859
0.156425
-0.514174
-0.732394
-0.222659
0.61751
1.04971
0.663602
-0.223295
-0.785652
-0.475251
0.374157
0.853377
0.446772
-0.43909
-1.00586
-0.920121
-0.491902
-0.11563
0.102753
0.190299
0.0715531
-0.283098
-0.597969
-0.478941
0.117763
0.743054
0.922472
0.64843
0.33957
0.370603
0.672497
0.830898
0.550332
-0.00577349
-0.356399
-0.186145
0.333873
0.675958
0.488547
-0.0516806
-0.422679
-0.265091
0.281216
0.674598
0.537003
0.0441393
-0.261286
-0.0246528
0.541531
0.862109
0.556354
-0.215707
-0.903674
-1.02792
-0.539777
0.203411
0.686709
0.557684
-0.121075
-0.883272
-1.23617
-1.13445
-0.984161
-1.09355
-1.24936
-1.07258
-0.693295
-0.640532
-1.01377
-1.22263
-0.830919
-0.259469
-0.200739
-0.620424
-0.870402
-0.677839
-0.425231
-0.387962
-0.241192
0.297015
0.842727
0.812835
0.320343
0.0993323
0.48797
0.976854
0.91386
0.313924
-0.260668
-0.40946
-0.216009
0.0119524
0.0821313
0.0723694
0.172305
0.36172
0.282319
-0.364406
-1.23672
-1.55666
-1.08738
-0.542653
-0.686436
-1.27283
-1.34753
-0.535826
0.459298
0.767196
0.382595
0.0107456
0.0821431
0.274994
0.0366632
-0.653694
-1.17284
-0.934589
-0.0873045
0.653861
0.878937
0.873484
0.962737
0.92516
0.366486
-0.468265
-0.810054
-0.397476
0.156115
0.312258
0.360054
0.761555
1.15271
0.716525
-0.474681
-1.25865
-0.84188
0.145104
0.52037
0.0083037
-0.621326
-0.638089
-0.0897694
0.474815
0.599286
0.20164
-0.370438
-0.546728
-0.0506996
0.672986
0.898174
0.51079
0.0818845
-0.0017719
-0.121482
-0.758828
-1.57504
-1.6494
-0.683314
0.619272
1.38093
1.45854
1.24249
0.912846
0.355447
-0.285525
-0.476767
0.0562436
0.83195
1.03597
0.378529
-0.583402
-1.0201
-0.642294
0.088563
0.449039
0.185831
-0.256184
-0.275509
0.238536
0.834693
1.07603
1.01928
0.98877
0.979311
0.602867
-0.267346
-1.10346
-1.34819
-1.10972
-0.95011
-1.016
-0.873035
-0.262216
0.340443
0.367792
-0.0513203
-0.315149
-0.228042
-0.172688
-0.389118
-0.580069
-0.427416
-0.171433
-0.262953
-0.603066
-0.648938
-0.207306
0.220731
0.0646526
-0.586873
-1.11473
-1.15688
-0.936754
-0.826662
-0.781606
-0.468757
0.146432
0.597997
0.517322
0.155903
0.109439
0.468585
0.625398
0.134586
-0.487991
-0.30309
0.804237
1.76453
1.51594
0.189788
-1.09382
-1.47825
-1.09593
-0.608789
-0.389997
-0.272635
-0.00656085
0.335136
0.456807
0.215507
-0.156388
-0.275058
0.04152
0.597241
1.00198
1.01244
0.707252
0.340892
0.0469506
-0.256231
-0.671594
-1.05056
-1.07867
-0.681068
-0.202624
-0.135749
-0.590166
-1.1683
-1.45209
-1.38578
-1.10538
-0.599555
0.231412
1.0974
1.38492
0.813741
-0.170252
-0.862031
-1.02358
-0.867107
-0.574354
-0.147756
0.240774
0.239027
-0.206584
-0.677006
-0.764347
-0.544233
-0.280486
0.0983249
0.745214
1.29329
1.07165
0.138824
-0.437506
0.167464
1.32322
1.63696
0.743687
-0.27047
-0.344154
0.241157
0.500196
0.280424
0.329507
0.960658
1.42388
0.962203
-0.0309882
-0.48971
-0.0755583
0.528797
0.68445
0.555188
0.547152
0.545732
0.209449
-0.217877
-0.0594672
0.685999
1.03612
0.247381
-1.01916
-1.39391
-0.492861
0.6055
0.713055
-0.0255189
-0.443643
0.0700777
0.917152
1.17182
0.694233
0.108239
-0.0866624
-0.0145428
-0.00661004
-0.137749
-0.286413
-0.396312
-0.521378
-0.679499
-0.737091
-0.512535
-0.00897769
0.493596
0.584231
0.158584
-0.429527
-0.74099
-0.703356
-0.600115
-0.556906
-0.342062
0.198982
0.661327
0.469161
-0.325029
-0.96627
-0.844223
-0.13911
0.482903
0.632214
0.43769
0.216053
0.139185
0.265265
0.534296
0.661659
0.326422
-0.366838
-0.776115
-0.341497
0.620267
1.16761
0.848992
0.251181
0.184198
0.591582
0.583175
-0.308205
-1.3678
-1.46776
-0.444297
0.615537
0.592425
-0.410671
-1.25049
-1.08296
-0.248038
0.245246
-0.0643737
-0.625613
-0.658257
-0.207709
-0.00360605
-0.345555
-0.63033
-0.15717
0.856687
1.45282
1.03076
-0.0513075
-0.986001
-1.32588
-1.18707
-0.886622
-0.602456
-0.367915
-0.227525
-0.238876
-0.438651
-0.71574
-0.755192
-0.266662
0.54443
1.06191
0.913068
0.516274
0.595974
1.22466
1.67176
1.30535
0.379002
-0.32412
-0.381035
-0.0394318
0.283945
0.466307
0.594198
0.646584
0.534218
0.31898
0.120974
-0.0670949
-0.349079
-0.712245
-0.962315
-0.908345
-0.512417
0.164091
0.973418
1.58566
1.67408
1.27968
0.850754
0.744919
0.746107
0.499724
0.178007
0.331722
0.976724
1.36147
0.885657
-0.0387289
-0.507942
-0.246798
0.196295
0.354419
0.369312
0.549424
0.818922
0.870603
0.666651
0.440592
0.293109
0.107951
-0.141603
-0.317217
-0.342884
-0.257132
-0.10659
0.071691
0.203687
0.223347
0.199433
0.177751
0.0202235
-0.418562
-0.873506
-0.853004
-0.365591
-0.0291821
-0.251862
-0.556565
-0.272177
0.381911
0.510073
-0.141846
-0.720933
-0.457066
0.210701
0.307609
-0.273328
-0.743035
-0.70643
-0.709199
-1.19402
-1.57312
-0.944091
0.492311
1.3949
0.841063
-0.58799
-1.50381
-1.21483
-0.241413
0.464075
0.50821
0.257359
0.218764
0.484039
0.720926
0.617437
0.239528
-0.0418342
0.048275
0.37728
0.575788
0.438879
0.0874353
-0.239215
-0.37948
-0.268498
0.0421805
0.363876
0.45986
0.273008
0.0258799
-0.0606624
-0.103483
-0.387262
-0.898131
-1.26546
-1.22487
-0.930698
-0.626713
-0.202814
0.533313
1.20065
1.04747
-0.0186782
-1.01936
-0.901032
0.194119
1.09151
0.924307
0.0180286
-0.614617
-0.407755
0.329624
0.853088
0.654957
-0.105235
-0.753972
-0.768053
-0.350941
-0.15846
-0.432704
-0.69065
-0.476676
-0.105427
-0.217184
-0.78686
-1.08446
-0.66195
0.0302359
0.285157
0.0696624
-0.0884707
0.0518641
0.143361
-0.137082
-0.569905
-0.710485
-0.513229
-0.330847
-0.375936
-0.461296
-0.3207
0.0301755
0.415034
0.727854
0.94668
0.989164
0.782163
0.494094
0.420043
0.580441
0.614869
0.233174
-0.350187
-0.639586
-0.425704
-0.0418531
0.0338397
-0.351717
-0.979462
-1.40094
-1.2471
-0.523322
0.303866
0.566652
0.0253241
-0.837492
-1.29925
-1.16712
-0.878107
-0.787591
-0.729187
-0.387755
0.130588
0.362306
0.0833855
-0.402459
-0.589085
-0.299996
0.185212
0.45182
0.376073
0.214676
0.282949
0.624174
0.952237
0.988745
0.741263
0.510575
0.564372
0.837146
0.979753
0.663538
-0.0734815
-0.787972
-1.03088
