542
1705
-543
-2298
-205
2984
1424
-5405
-4971
5970
10435
-2550
-16851
-5097
25397
25675
-38227
-132038
-176952
-148513
-94735
-50540
23440
165925
294406
265793
71079
-127582
-196744
-174603
-143480
-88760
24734
98322
-13493
-258166
-374867
-213714
39343
110051
432
-40107
106844
239531
132669
-138898
-276137
-111964
203732
375014
252898
-51969
-287101
-286621
-109990
11812
-68624
-245647
-294544
-136972
78623
178408
159018
118720
107322
112142
129017
162946
192735
200718
210776
233023
188306
-26905
-366474
-604154
-554509
-280690
-34836
2513
-111168
-188808
-120324
25478
77128
-55315
-254990
-294340
-98075
141371
185556
34719
-95643
-83218
-44263
-118688
-238272
-219631
-20433
193817
246380
139191
13564
-7099
81865
195305
231460
147669
-18478
-195086
-341815
-439541
-440827
-284029
-20795
174443
170655
21288
-90716
-55518
59841
99076
-35168
-271848
-404259
-258787
98693
369211
307985
19978
-146466
-22485
191299
225073
98590
30805
73933
58374
-87921
-192104
-102828
52732
45008
-87863
-61062
228969
490807
384660
-25199
-332579
-295246
-101404
-93372
-339712
-561690
-468966
-84915
286986
364498
142529
-142539
-240058
-93141
143580
258512
199944
109295
139910
266893
311637
156644
-110475
-289808
-269095
-88633
135637
308602
380443
320856
125656
-144608
-358279
-396678
-291332
-192662
-188488
-171612
8327
259695
274278
-45556
-342005
-201773
262874
503559
246745
-140620
-180967
68779
169204
-29785
-206465
-103429
86167
39052
-204165
-325621
-199993
-38555
-52167
-176597
-212704
-111390
11172
54167
32242
-12858
-75741
-132247
-126259
-27440
98646
160457
155986
161990
202069
216089
163739
93589
73262
91017
65318
-24113
-99036
-61520
82701
224247
248661
147236
23982
968
100455
190346
105990
-149332
-359572
-322497
-81856
117853
107077
-35237
-106514
-40672
20102
-80628
-300906
-401722
-191086
243727
567804
523136
193409
-82617
-76112
115711
269476
331950
416779
555247
577457
338751
-46514
-262191
-120264
238028
488090
448583
233551
92344
131029
242754
284830
242998
198515
182885
143607
46294
-64245
-143304
-224292
-348459
-453144
-425134
-270389
-131485
-102103
-102423
-24840
81168
63247
-79100
-151353
-42498
95063
41107
-183595
-311356
-150296
198147
444569
391776
106176
-166721
-230416
-96306
77693
182883
254548
338177
354735
171406
-167704
-400848
-315520
4286
280394
345710
269555
185148
107838
8613
-60132
-34074
21397
-31419
-195740
-273680
-103177
212928
386289
259034
-38771
-221513
-146775
61979
180430
135558
65005
135579
344282
520150
496329
262840
-21880
-158338
-66387
127149
204121
80585
-106196
-166036
-94390
-69143
-176629
-255540
-119369
142656
247125
93240
-90432
-44361
207458
430611
467316
374327
284245
270134
327481
405818
414954
302480
130837
18992
-8878
-37018
-115706
-150686
-25172
206872
350487
288211
121932
49804
127803
213639
153448
-14477
-98255
7771
186576
224492
54513
-179700
-255913
-77865
215641
366614
231747
-78056
-274492
-166102
130669
298023
155992
-153407
-351518
-321523
-171920
-40545
35815
66415
24891
-98985
-208954
-167416
41096
259525
322162
226499
118555
129364
234878
290169
192168
-2049
-124642
-65115
116557
235951
170537
-18182
-147831
-92671
98153
235520
187510
15344
-91339
-8606
189147
301190
194364
-75355
-315622
-359070
-188513
71132
239962
194836
-42233
-308490
-431767
-396248
-343734
-381933
-436333
-374578
-242121
-223650
-354113
-427088
-290225
-90550
-70043
-216702
-304040
-236744
-148469
-135495
-84247
103792
294408
283920
111913
34685
170431
341245
319220
109670
-91056
-143025
-75430
4114
28619
25272
60121
126285
98576
-127307
-431984
-543849
-379872
-189525
-239775
-444665
-470778
-187151
160407
267947
133673
3780
28710
96048
12800
-228347
-409756
-326504
-30547
228350
306991
305052
336264
323123
127947
-163623
-283044
-138940
54514
109020
125717
265919
402581
250234
-165951
-439812
-294200
50669
181696
2844
-217093
-222966
-31398
165837
209289
70473
-129482
-191116
-17741
234955
313690
178358
28467
-677
-42529
-265198
-550301
-576307
-238766
216261
482328
509395
433970
318798
124091
-99840
-166653
19587
290526
361789
132128
-203900
-356494
-224467
30797
156756
64863
-89520
-96285
83310
291532
375824
356055
345374
342095
210575
-93377
-385507
-471008
-387683
-331910
-354925
-305031
-91639
118922
128451
-17920
-110051
-79605
-60223
-135862
-202521
-149178
-59803
-91798
-210611
-226698
-72381
77107
22594
-205025
-389417
-404084
-327265
-288803
-273072
-163766
51131
208898
180735
54500
38246
163723
218486
47049
-170499
-105905
280967
616315
529533
66197
-382213
-516460
-383017
-212794
-136358
-95333
-2355
117000
159533
75211
-54631
-96136
14520
208698
350023
353808
247098
119098
16463
-89565
-234628
-367011
-376904
-237927
-70786
-47454
-206137
-408136
-507292
-484070
-386093
-209379
80923
383375
483861
284352
-59487
-301046
-357575
-302895
-200644
-51638
84123
83457
-72230
-236633
-267069
-190258
-98079
34286
260209
451720
374273
48376
-152928
58313
462126
571761
259602
-94594
-120408
84115
174560
97772
114936
335396
497211
335924
-10949
-171247
-26542
184615
238934
193775
191050
190489
73076
-76285
-20957
239524
361779
86329
-356135
-487034
-172311
211443
248959
-8977
-155040
24421
320384
409304
242472
37792
-30291
-5094
-2282
-48212
-100056
-138498
-182160
-237371
-257569
-179100
-3183
172355
204064
55444
-150137
-258880
-245675
-209701
-194519
-119526
69456
231007
163809
-113569
-337580
-295006
-48655
168623
220753
152826
75443
48530
92566
186580
231036
114029
-128200
-271186
-119277
216597
407847
296559
87670
64313
206599
203723
-107687
-477868
-512726
-155247
214981
206921
-143529
-436855
-378359
-86683
85691
-22483
-218481
-229897
-72469
-1196
-120619
-220150
-54857
299341
507589
360127
-17939
-344435
-463200
-414721
-309796
-210472
-128642
-79567
-83519
-153361
-250072
-263922
-93260
190131
370855
318922
180324
208081
427726
583930
455897
132366
-113294
-133157
-13850
98998
162761
207398
225663
186377
111254
42006
-23634
-122128
-248984
-336333
-317523
-179176
57155
339863
553747
584703
446864
297058
260062
260492
174466
61977
115723
341055
475387
309227
-13772
-177673
-86380
68411
123665
128839
191765
285948
303971
232743
153742
102291
37643
-49555
-110829
-119866
-89837
-37343
24926
71112
77923
69610
62008
7040
-146221
-305219
-297927
-127736
-10162
-87914
-194433
-95032
133424
178248
-49542
-251804
-159628
73667
107535
-95474
-259584
-246732
-247755
-417104
-549623
-329868
172013
487193
293856
-205455
-525391
-424398
-84366
162146
177483
89928
76363
169027
251805
215571
83619
-14683
16767
131788
201071
153257
30494
-83647
-132534
-93865
14670
127033
160520
95299
9001
-21218
-36194
-135348
-313787
-442134
-427910
-325167
-218993
-70862
186195
419390
365876
-6577
-356093
-314797
67862
381355
322864
6347
-214637
-142478
115141
297945
228772
-36765
-263411
-268323
-122653
-55382
-151209
-241281
-166545
-36806
-75783
-274883
-378845
-231202
10530
99682
24317
-30910
18176
49983
-47895
-199117
-248268
-179309
-115615
-131328
-161177
-112083
10477
144910
254208
330663
345557
273248
172566
146741
202793
214768
81443
-122351
-223426
-148711
-14616
11853
-122887
-342186
-489338
-435653
-182769
106180
197952
8928
-292567
-453798
-407662
-306787
-275084
-254785
-135454
45648
126498
29093
-140696
-205830
-104877
64611
157840
131306
75030
98781
218001
332631
345240
258893
178248
197057
292386
342133
231664
-25780
-275435
-360229
