-31.9668
nan
-19.8386
-0.728576
7.60191
15.3693
21.3403
26.6233
33.2043
38.7018
44.1259
51.6386
58.7391
65.1381
69.5296
75.3879
82.9196
88.6323
95.1236
99.7394
106.302
111.057
117.579
123.685
128.981
134.811
141.797
146.223
153.249
160.09
165.897
171.812
178.623
183.776
189.684
196.642
202.562
209.077
212.916
219.149
225.404
231.569
237.415
244.068
250.976
257.25
262.564
268.78
274.653
280.084
286.099
292.519
299.019
303.152
308.425
309.819
310.085
310.489
310.422
310.473
310.463
310.463
310.478
310.478
